451
298
284
508
470
279
82
12
8
24
75
198
483
1199
1565
1579
1389
1336
1978
3109
3412
2717
1800
1082
653
397
311
149
79
42
18
15
5
25
48
101
210
824
844
772
655
644
1034
2102
2685
2329
1543
903
573
437
296
215
148
78
41
13
9
16
51
145
270
689
1000
1062
920
1008
1366
2418
2924
2466
1613
1017
598
459
332
278
179
113
43
23
11
16
52
115
278
791
1284
1200
1156
1219
1673
2849
3119
2282
1342
740
476
289
186
120
57
36
18
8
12
14
38
74
183
732
828
696
544
513
775
1575
2292
1935
1203
652
410
269
195
122
58
35
15
12
8
18
40
71
186
743
848
625
446
474
724
1496
2437
2079
1280
718
441
296
197
122
57
26
11
10
5
23
50
115
239
1081
1121
833
647
621
926
1944
2827
2495
1391
706
444
291
204
124
63
27
13
4
8
21
53
98
232
1059
1183
866
690
649
1039
2213
2949
2582
1466
805
453
285
218
141
68
21
17
7
7
18
61
100
261
1083
1010
764
599
519
941
2422
4033
3767
2423
1213
712
462
347
279
225
92
39
13
6
17
85
161
336
911
1075
1024
959
1046
1611
2854
3158
2672
1803
1081
658
475
341
284
213
122
44
16
11
25
82
166
350
1015
1480
1248
1164
1197
1756
3108
3151
2264
1349
697
422
271
160
116
52
29
7
7
6
20
30
78
166
608
730
548
439
444
662
1393
2197
2087
1224
642
385
240
171
98
48
27
11
4
7
11
32
56
173
747
764
529
403
409
649
1396
2115
1976
1173
595
374
231
163
95
52
21
9
10
10
15
28
65
194
718
767
577
397
436
702
1596
2457
2131
1286
668
401
276
153
108
76
26
8
6
5
21
39
82
197
834
764
573
435
408
677
1677
2648
2347
1411
751
451
284
220
156
91
47
19
10
7
15
43
99
226
868
832
651
482
423
837
2008
3473
3128
2062
1079
650
435
353
269
226
107
36
11
7
18
99
198
335
812
1006
944
812
908
1198
2224
2830
2467
1542
921
616
430
384
284
222
132
53
14
5
21
81
163
366
837
1137
1171
1146
1115
1494
2625
3104
2294
1314
859
484
352
196
151
85
36
14
10
12
18
47
99
238
826
853
769
622
605
943
1956
2309
1893
1099
605
360
225
146
84
52
20
6
8
4
19
33
46
143
608
670
517
384
362
614
1381
2043
1790
1123
601
383
231
181
102
55
25
15
9
8
23
38
72
166
682
697
540
381
417
673
1523
2242
1962
1234
633
445
282
150
110
56
30
17
5
6
25
50
51
184
702
733
482
375
433
702
1577
2453
2161
1365
697
454
299
224
135
86
43
9
5
9
18
47
85
217
826
848
666
476
511
784
2043
3524
3245
2071
1144
630
438
307
258
176
113
36
7
15
23
85
149
338
856
951
929
862
785
1240
2331
3017
2538
1751
960
633
477
368
305
250
139
49
12
16
31
95
179
408
1040
1514
1379
1305
1323
1782
3094
3429
2507
1423
710
458
242
166
91
52
31
8
3
9
18
38
78
169
635
721
555
448
428
683
1437
2175
1889
1225
642
390
243
164
111
64
17
10
6
11
7
32
59
165
711
664
546
381
369
604
1317
2188
1889
1164
644
396
251
159
104
43
23
9
7
8
13
44
68
189
691
696
510
374
369
631
1499
2333
2141
1230
703
377
265
201
104
58
26
9
3
10
20
28
76
190
765
761
607
439
396
774
1710
2573
2255
1368
730
411
326
225
144
87
37
17
7
11
25
58
100
231
979
907
691
521
450
787
2104
3576
3372
2195
1232
721
495
387
327
217
108
42
7
12
31
89
179
334
884
1093
983
976
914
1205
2361
3001
2632
1885
1177
681
457
357
313
189
148
53
13
8
27
104
214
376
1058
1310
1297
1245
1565
2202
2556
2091
1273
842
441
303
194
87
39
40
10
5
9.5
7
17
61
120
299
1061
1159
886
766
734
1085
2271
2856
2291
1387
720
415
275
157
77
50
12
10
5
4
19
26
67
206
887
812
641
502
475
798
1607
2374
2218
1391
728
435
271
174
83
54
20
10
5
5
24
47
87
205
914
926
662
473
468
696
1736
2870
2357
1454
728
428
292
190
114
60
20
7
3
4
18
41
88
253
909
849
641
505
434
755
1811
2884
2649
1603
856
532
330
210
136
88
26
17
2
8
26
60
123
257
1016
982
681
581
578
823
2213
3662
3524
2231
1231
729
502
349
269
183
104
36
9
12
30
90
225
372
956
1060
991
886
846
1216
2388
3229
2853
1853
1040
595
432
383
290
253
160
47
10
7
28
105
225
402
1029
1409
1315
1132
1227
1825
3219
3463
2583
1351
715
446
283
181
108
64
23
22
7
7
14
39
69
198
706
761
642
515
454
697
1526
2266
2047
1245
699
403
272
183
115
45
33
10
3
7
12
38
67
195
714
677
550
372
366
569
1356
2282
2110
1310
630
411
256
200
100
49
31
11
3
12
14
36
75
186
729
755
576
448
452
695
1468
2451
2255
1317
740
439
281
178
100
71
31
10
7
6
15
64
101
238
950
929
625
482
502
715
1735
2901
2616
1533
769
484
317
214
155
61
43
12
5
8
15
58
124
267
1002
1005
696
557
589
933
2257
3693
3491
2165
1211
724
507
385
294
204
86
43
9
5
29
138
247
398
1107
1318
1177
1070
1076
1542
2903
4197
3528
2332
1346
801
547
394
346
173
124
50
6
8
44
124
243
477
1250
1528
1392
1279
1281
1825
3218
4012
3094
1762
835
552
359
232
126
66
40
22
9
5
27
54
124
289
911
1041
878
653
638
937
1888
2809
2156
1256
719
381
252
177
112
54
26
8
5
6
14
44
78
224
834
790
621
480
423
698
1594
2564
2151
1310
723
452
283
209
111
61
17
19
5
7
19
52
95
246
902
910
647
511
514
788
1735
2949
2594
1535
821
522
331
211
129
50
23
7
6
8
22
77
135
333
1391
1362
922
748
671
1016
2209
3400
2825
1679
891
547
344
239
140
95
27
18
4
4
25
72
117
320
1149
1066
795
619
671
1073
2336
3996
3619
2210
1252
711
556
361
293
215
111
34
6
8
33
115
207
361
965
1125
1034
942
915
1329
2495
3261
2798
1841
1115
684
509
409
346
207
136
43
11
7
32
114
244
446
1042
1344
1302
1096
1098
1656
3067
4036
3030
1612
776
461
297
189
125
65
31
11
3
3
22
41
87
243
878
908
638
489
518
735
1583
2605
2275
1361
772
485
276
173
111
61
17
9
3
10
27
63
86
216
831
861
621
473
460
730
1487
2472
2202
1302
708
439
275
164
122
48
23
7
5
7
15
60
97
247
888
856
581
498
458
817
1705
2786
2528
1562
816
476
308
198
118
63
19
9
4
9
14
65
115
302
1118
1083
756
618
567
823
1841
3215
2826
1735
912
532
382
241
176
94
37
15
5
12
26
68
118
309
1194
1147
791
583
590
962
2180
4085
3973
2393
1365
790
560
393
281
203
98
39
11
4
38
123
284
404
1104
1211
1108
1040
932
1404
2570
3482
3111
2047
1214
800.5
483
314.5
201
121.5
69
27
12.5
5
10
19
48.5
87.5
224.5
797.5
855
614
461.5
509
791
1578.5
2343.5
2229.5
1504.5
856.5
468
298
204.5
117.5
68.5
33
10.5
6
9.5
21
50
78.5
225
795.5
742
572
446.5
445.5
710.5
1453
2514
2290.5
1595.5
757
495
367
287
201
108
40
17
10
9
19
63
116
227
888
878
652
495
498
824
1626
2453
2302
1575
769
562
396
350
211
128
49
16
11
33
146
239
439
1179
1527
1421
1243
1194
1689
2883
3987
2851
1562
825
444
284
190
125
62
29
9
7
8
28
60
90
245
842
857
639
508
426
729
606
250
2188
1310
691
426
244
166
100
70
27
16
3
5
21
42
86
246
961
998
686
505
497
825
1669
2509
2161
1239
663
426
266
171
117
58
21
10
5
10
12
50
98
233
894
796
610
514
434
748
1544
2759
2496
1476
774
443
282
181
118
58
33
10
6
6
19
55
108
239
980
866
636
495
479
767
1708
2990
2665
1683
873
523
326
237
164
87
42
14
10
10
27
61
109
308
1140
1075
689
494
606
951
2302
3851
3618
2177
1188
790
498
360
274
197
70
39
8
16
31
126
230
390
949
1085
1000
785
833
1118
2172
3193
2945
1914
1118
681
485
399
311
5
204
93
21
11
18
67
149
318
902
1215
1191
1149
1163
1567
2402
3234
3214
1896
961
550
330
207
134
78
28
20
5
7
19
37
70
189
624
705
492
461
412
564
1088
1956
2141
1459
777
493
315
209
106
67
32
12
8
11
11
44
69
179
719
729
551
397
381
617
1119
1942
2216
1433
805
470
264
173
107
45
27
8
2
4
8
47
62
170
653
685
518
371
399
649
1293
2211
2499
1587
800
491
290
192
135
62
26
10
8
6
16
49
68
188
786
803
553
443
407
647
1363
2355
2621
1736
946
516
351
221
149
95
48
15
6
6
24
54
105
244
940
874
605
441
435
762
1633
2870
3445
2376
1281
768
536
368
296
189
76
26
3
11
20
84
172
322
744
801
771
731
748
1053
1882
2596
3004
2350
1470
896
727
468
356
238
118
44
16
10
33
160
321
547
1249
1322
1188
1121
1106
1451
2395
3346
2995
1774
910
531
255
185
111
73
25
14
2
3
13
51
84
200
678
695
547
441
435
618
1132
1925
2111
1296
714
458
300
185
122
44
22
5
3
4
16
46
68
202
783
734
631
470
397
663
1269
2246
2332
1530
752
453
279
225
127
65
26
14
4
6
15
45
90
225
861
776
578
463
441
745
1547
2547
2704
1534
780
464
285
183
123
62
24
17
3
5
16
43
88
211
849
873
669
500
461
752
1605
2802
2709
1723
796
461
308
216
143
71
51
9
10
5
22
61
101
261
1059
965
724
505
469
799
1798
3015
3346
2366
1245
737
528
370
266
181
80
34
12
14
25
106
204
336
925
962
937
819
852
1091
1910
2635
2926
2143
1191
686
487
364
289
188
136
42
14
6
26
107
212
384
991
1334
1220
1179
1186
1648
2777
3375
3078
1773
826
440
278
211
104
56
25
12
2
3
15
49
90
299
1133
1198
798
654
584
923
1667
2548
2564
1515
769
446
292
165
91
47
16
10
6
11
12
33
80
205
793
786
606
432
437
650
1379
2127
2334
1460
700
439
264
180
116
46
20
10
2
8
17
39
88
215
811
753
581
478
471
704
1484
2325
2418
1545
752
424
235
164
111
65
19
10
5
6
19
46
83
206
821
823
570
449
456
712
1558
2608
2626
1552
835
467
320
227
159
71
41
17
3
11
20
67
110
235
1046
1025
704
545
528
926
1904
3218
3514
2580
1327
725
511
361
261
178
91
45
9
14
29
110
214
369
874
1077
987
864
860
1208
2061
2720
3008
2314
1209
757
501
378
201
321
200
123
41
17
14
23
116
200
382
1163
1565
1474
1340
1243
1700
2851
3582
3072
1733
863
466
280
180
123
67
24
13
6
5
19
36
69
179
697
699
553
391
424
665
1346
2078
2110
1393
706
408
264
183
95
55
24
6
6
9
13
34
77
177
732
775
545
433
372
599
1208
2040
2302
1575
828
456
298
189
109
66
26
8
4
7
19
50
81
194
760
741
534
398
373
555
1122
2065
2268
1547
850
457
282
209
138
68
34
9
4
12
22
61
86
261
928
1001
639
489
440
700
1384
2310
2602
1755
918
540
369
280
168
104
33
20
6
7
14
62
113
258
873
926
754
619
633
918
1841
2875
3001
2129
1205
693
478
349
272
171
92
37
4
9
29
67
159
282
756
847
829
706
721
1033
1739
2160
2363
1931
1019
652
462
342
237
165
79
29
13
13
18
64
139
278
565
720
725
678
743
966
1571
2074
2280
1543
849
476
329
178
96
57
20
16
7
2
18
50
73
203
727
709
615
471
482
704
1421
2359
2315
1531
735
378
265
198
115
37
17
14
2
7
17
48
87
185
737
848
622
480
448
729
1483
2370
2207
1425
744
426
258
189
119
50
18
8
4
11
19
38
73
211
764
764
589
459
454
757
1519
2481
2379
1530
798
451
328
214
117
49
25
6
3
10
20
51
73
256
1107
1153
728
544
617
842
1472
2649
2533
1735
904
571
381
260
160
106
43
16
4
8
30
54
84
223
924
784
638
472
475
760
1820
3053
3315
2431
1248
705
493
401
303
191
72
24
11
11
28
98
184
309
724
925
830
761
774
966
1675
2337
2722
2148
1280
738
499
381
313
248
114
46
14
12
17
103
203
360
808
1036
1033
939
1071
1565
2533
3118
2875
1677
825
450
263
169
111
54
28
10
11
6
11
43
72
199
705
745
548
395
416
574
1151
1786
2036
1397
733
438
298
181
88
53
27
14
2
3
15
44
74
194
651
648
515
401
382
565
1188
1907
2159
1496
777
441
311
168
113
50
23
6
5
11
16
40
72
210
736
740
518
399
349
590
1277
2161
2427
1678
829
470
294
176
135
74
20
18
5
7
12
46
89
229
882
791
599
470
425
637
1447
2407
2749
1765
983
557
339
248
131
76
43
19
7
7
18
53
90
220
871
777
551
426
396
765
1597
2839
2973
2261
1215
723
475
380
273
210
101
31
6
11
25
119
169
330
838
958
888
866
767
1119
2016
2767
2915
2356
1228
738
484
370
328
192
102
37
16
13
39
108
180
383
924
1090
1220
1201
1360
1997
3367
4028
3329
1907
935
526
313
171
116
66
21
16
4
4
25
41
91
213
820
777
625
519
574
796
1611
2432
2364
1598
859
495
287
193
109
66
22
13
4
11
19
43
69
196
785
832
529
462
424
678
1296
2111
2386
1588
875
477
292
163
112
86
28
10
7
9
17
46
74
201
837
829
638
456
430
744
1513
2431
2439
1677
873
465
330
198
105
60
27
16
1
6
19
59
91
209
833
829
557
401
430
673
1465
2428
2677
1941
923
552
312
246
194
86
28
16
3
10
28
59
105
259
959
941
666
560
542
920
2062
3518
3525
2443
1523
900
515
358
260
155
79
29
8
13
26
124
214
384
1037
1219
1211
1105
940
1293
2290
3125
2941
2325
1286
734
528
380
296
194
113
50
16
13
34
115
219
342
839
1197
1101
1030
999
1414
2365
3050
3050
2071
1037
497
322
182
118
60
28
12
5
5
22
60
84
186
755
766
533
454
445
663
1262
2157
2218
1572
852
452
294
198
108
54
20
15
4
6
23
42
65
202
734
750
535
403
436
635
1288
2189
2255
1624
833
450
307
197
96
62
25
14
4
11
12
46
62
222
715
843
509
382
410
659
1390
2403
2460
1651
869
529
293
223
120
62
22
9
6
7
27
56
87
250
861
937
591
460
447
756
1560
2709
2846
1952
757
495
367
287
201
108
40
17
10
9
19
63
116
227
888
878
652
495
498
824
1626
2453
2302
1575
957
588
304
225
180
99
37
14
4
7
29
56
98
259
905
873
656
456
471
799
1715
3037
3216
2452
1407
766
508
353
273
167
102
26
8
13
30
103
172
280
738
813
709
676
654
937
1557
2139
2409
2055
1369
746
478
426
309
227
115
32
15
15
33
115
195
396
915
1129
1014
927
1092
1549
2732
3437
3221
2010
936
524
311
189
121
53
26
11
7
15
16
50
81
203
754
695
603
481
413
672
1335
2210
2160
1478
808
430
272
173
132
80
26
6
12
4
17
51
77
204
757
882
651
466
446
700
1447
2348
2378
1540
824
455
274
203
133
54
23
8
5
4
14
39
86
211
793
723
539
408
410
623
1383
2363
2344
1609
825
447
273
217
112
60
26
11
6
9
19
44
65
183
721
727
538
412
387
600
1235
2037
2297
1744
926
550
331
244
182
94
54
19
5
11
27
45
113
240
858
831
621
466
477
1073
2789
4202
3923
2489
1306
767
480
341
231
158
79
38
5
11
43
85
173
310
773
1025
937
839
866
1145
1830
2547
2542
2126
1216
711
478
331
307
175
120
36
7
14
42
114
218
328
792
1025
1045
1037
1067
1400
2174
2824
2836
1846
889
497
283
189
101
48
18
14
3
7
18
49
74
209
802
787
564
510
478
661
1206
1945
2057
1570
788
472
283
200
95
62
28
8
3
9
19
41
77
202
752
776
570
400
374
624
1327
2315
2183
1452
718
429
283
170
107
62
28
10
7
8
19
53
68
198
763
750
536
402
435
646
1321
2256
2256
1734
836
490
313
177
117
64
22
7
5
9
23
54
82
189
803
853
584
440
366
696
1474
2569
2778
1870
945
565
343
223
143
90
44
18
3
5
23
71
99
259
957
871
641
472
443
765
1567
2542
2837
2221
1260
705
485
342
309
193
88
52
7
13
37
107
192
302
809
984
865
762
704
980
1667
2138
2480
1889
1195
679
485
408
326
250
128
33
4
13
33
98
190
339
846
1103
1096
1110
1095
1396
2243
2875
2726
1955
877
536
275
207
109
66
29
14
5
8
27
44
56
161
698
667
526
395
409
568
1195
1925
2013
1480
828
470
289
163
111
47
20
11
3
13
11
48
68
194
744
753
586
496
458
697
1409
2204
2323
1725
875
487
305
167
147
62
29
7
5
5
17
39
61
192
810
830
631
447
459
869
1676
2781
2547
1810
874
457
307
189
120
63
34
11
3
4
21
50
68
217
829
789
570
395
403
570
1286
2130
2406
1775
976
577
314
257
157
92
42
21
11
13
27
66
109
236
934
798
645
440
510
800
1833
2708
2689
2067
1257
707
426
354
237
172
86
44
9
10
50
73
149
224
625
683
645
658
593
829
1312
1792
2087
1694
1152
651
482
351
289
171
104
27
9
10
40
89
147
312
741
961
860
763
839
1503
2159
2456
2394
1777
1144
608
429
295
223
154
74
22
14
16
38
66
140
341
861
1022
941
865
817
1149
1768
2219
2204
1812
967
461
296
158
103
57
26
14
7
8
19
30
55
185
763
840
836
526
446
686
1465
2064
2103
1482
811
425
253
175
114
65
20
10
5
3
18
46
63
181
730
685
533
393
389
561
1172
1927
2190
1558
765
484
271
211
112
63
35
13
5
9
14
34
82
190
726
711
524
362
353
583
1244
2053
2205
1644
888
536
322
211
153
73
36
12
8
7
21
50
90
195
1004
1128
682
469
535
880
1757
2774
2704
2216
1303
705
521
372
278
173
96
30
1
14
33
90
181
369
999
1124
1066
1012
1086
1552
2712
3457
3619
2503
1491
807
571
429
367
199
116
40
16
7
39
93
192
354
902
1339
1195
1155
1116
1569
2507
3235
3048
1959
965
556
331
204
127
61
27
16
6
15
18
37
79
202
734
802
574
432
452
627
1175
1950
2023
1536
827
479
271
175
125
63
26
5
4
9
16
29
60
171
671
650
496
389
377
545
1144
1896
1965
1517
794
463
290
190
123
51
22
9
6
6
21
32
67
165
734
718
558
399
392
595
1326
2256
2503
1697
829
493
279
196
150
69
32
14
2
7
21
48
60
211
778
860
577
428
428
662
1307
2309
2403
1667
919
475
289
239
143
90
38
20
2
16
26
60
86
235
928
956
648
509
516
766
1804
2920
3022
2223
1418
739
515
339
260
179
94
37
4
5
33
83
150
269
641
762
753
685
676
964
1664
2443
2456
1833
1147
737
523
439
319
238
126
47
16
17
28
106
259
437
1043
1353
1268
1113
1074
1544
2804
3352
2813
1871
832
499
337
229
113
74
23
7
6
14
29
27
80
195
654
716
538
441
385
916
1779
2439
2707
1624
840
417
274
187
122
58
30
17
3
5
20
46
47
184
686
736
537
391
371
576
1113
1843
2059
1503
802
455
292
195
131
62
25
11
4
5
27
41
53
203
714
737
543
410
400
637
1385
2420
2515
1616
803
432
326
201
147
64
28
12
9
10
13
45
80
190
812
786
592
476
430
650
1414
2450
2580
1787
909
511
374
243
166
85
41
13
3
8
20
66
87
259
1064
1069
760
606
545
985
2086
3067
3075
2196
1272
726
526
382
251
173
84
28
13
20
28
84
154
271
691
798
704
644
674
915
1595
2507
2895
2174
1132
738
538
466
348
268
132
51
14
9
41
114
208
414
925
1122
1098
945
914
1294
2205
2874
2745
1733
932
494
341
255
145
82
39
16
10
11
21
39
80
214
761
1100
803
483
414
772
1923
3582
3099
1804
735
422
324
257
189
108
45
16
4
7
26
34
81
193
800
751
610
424
390
580
1158
2084
2298
1640
893
454
256
184
107
71
25
12
3
8
22
40
83
198
842
910
657
468
394
623
1267
2185
2178
1585
816
478
297
190
135
74
30
10
3
6
18
50
90
192
788
793
632
481
436
670
1370
2211
2260
1666
908
525
305
206
142
93
31
12
9
14
13
71
97
225
854
880
629
478
487
761
1527
2557
2688
1932
1199
746
537
352
301
190
88
35
9
13
29
65
156
287
752
834
734
675
669
861
1721
2355
2583
2154
1311
830
535
367
294
176
90
32
3
12
45
74
157
275
645
782
786
700
731
1091
1792
2223
2049
1598
909
499
326
201
125
71
27
17
4
4
16
45
76
173
880
1013
728
491
409
669
1424
2214
2209
1409
772
413
258
173
104
44
25
9
3
6
20
41
68
134
660
689
498
400
380
538
1100
1792
1911
1298
788
444
289
198
128
62
33
10
1
8
23
36
81
166
770
746
539
467
388
573
1274
2232
2195
1290
824
443
294
184
144
56
31
17
4
7
22
38
87
182
748
748
617
514
421
735
1596
2544
2356
1695
871
506
283
219
129
93
33
12
8
5
18
51
92
220
828
891
699
554
570
1015
2266
3467
3272
2333
1348
726
477
343
262
171
99
34
13
11
39
70
154
260
636
741
685
633
639
822
1331
1868
2024
1675
1156
686
475
358
289
241
109
35
13
11
28
95
167
261
664
824
778
761
886
1342
2441
2950
2571
1743
950
563
338
244
124
74
28
13
4
6
17
47
85
227
775
862
658
512
483
677
1379
2181
2114
1508
850
470
303
195
114
70
42
12
5
9
20
39
70
175
717
733
545
428
389
607
1212
2060
2112
1544
757
495
367
287
201
108
40
17
10
9
19
63
116
227
888
878
652
495
498
824
1626
2453
2302
1575
